1870    -0.864    -0.939    -0.510    -0.434    -0.895    -0.971    -0.895    -0.676    -0.863    -0.860    -0.765    -0.791
1871    -0.657    -0.635    -0.702    -0.734    -0.860    -0.952    -0.827    -0.816    -0.982    -1.106    -0.778    -0.832
1872    -0.749    -0.588    -0.645    -0.745    -0.611    -0.565    -0.680    -0.768    -0.741    -0.734    -0.517    -0.759
1873    -0.666    -0.991    -1.117    -0.863    -1.097    -1.158    -1.131    -1.136    -0.839    -1.010    -0.908    -0.975
1874    -0.711    -0.804    -0.722    -0.962    -0.967    -0.910    -0.642    -1.026    -1.054    -1.408    -1.320    -1.210
1875    -0.890    -0.798    -0.791    -0.828    -0.666    -0.882    -1.157    -0.959    -0.961    -0.932    -0.915    -1.105
1876    -1.097    -1.043    -0.816    -0.888    -0.949    -1.221    -1.077    -0.954    -0.984    -1.064    -1.176    -1.079
1877    -0.970    -0.450    -0.494    -0.831    -1.035    -0.720    -0.575    -0.433    -0.135    -0.231    -0.234    -0.180
1878    -0.106     0.117     0.097     0.009    -0.221    -0.224    -0.256    -0.343    -0.564    -0.639    -0.813    -0.690
1879    -0.652    -0.717    -0.689    -0.897    -0.871    -0.722    -0.688    -0.974    -0.925    -1.174    -1.328    -1.261
1880    -1.204    -0.808    -0.758    -0.608    -0.900    -1.078    -0.883    -0.687    -0.835    -0.998    -0.784    -0.767
1881    -0.869    -0.826    -0.493    -0.497    -0.337    -0.400    -0.305    -0.325    -0.516    -0.676    -0.779    -0.784
1882    -0.688    -0.637    -0.553    -0.504    -0.631    -0.815    -0.769    -0.803    -0.826    -0.827    -0.994    -1.129
1883    -0.755    -0.572    -0.795    -0.801    -0.805    -0.414    -0.561    -0.768    -0.959    -1.004    -0.990    -1.152
1884    -1.166    -0.856    -0.795    -0.584    -0.461    -0.860    -0.494    -0.522    -0.559    -0.678    -0.863    -0.796
1885    -0.785    -0.788    -0.744    -0.781    -0.839    -1.027    -1.036    -0.915    -0.794    -0.811    -0.826    -0.754
1886    -0.729    -0.866    -0.493    -0.428    -0.747    -0.922    -1.094    -1.032    -1.139    -1.253    -1.155    -1.314
1887    -1.021    -0.931    -0.857    -1.027    -1.108    -1.045    -0.869    -0.746    -1.186    -1.068    -0.970    -1.074
1888    -1.212    -1.006    -1.033    -1.052    -0.783    -0.923    -0.916    -0.661    -0.872    -0.619    -0.742    -0.696
1889    -0.710    -0.438    -0.579    -0.820    -0.694    -0.865    -0.753    -0.840    -0.978    -1.312    -1.289    -1.125
1890    -1.067    -0.946    -0.763    -0.949    -1.189    -1.441    -1.516    -1.514    -1.648    -1.596    -1.572    -1.253
1891    -1.052    -0.976    -0.918    -0.784    -0.934    -0.821    -1.079    -0.935    -0.893    -0.909    -0.893    -0.704
1892    -0.716    -0.517    -0.687    -0.774    -0.655    -0.682    -1.108    -1.266    -1.174    -1.383    -1.311    -1.393
1893    -1.315    -1.245    -0.876    -1.081    -1.136    -1.141    -0.952    -1.088    -1.049    -1.159    -1.167    -1.062
1894    -0.957    -0.857    -0.892    -0.879    -1.039    -1.044    -1.030    -0.970    -1.131    -1.125    -1.119    -0.984
1895    -0.969    -0.774    -0.780    -0.872    -0.912    -0.842    -0.986    -0.676    -0.761    -0.737    -0.802    -0.847
1896    -0.674    -0.730    -0.745    -0.604    -0.577    -0.579    -0.604    -0.706    -0.648    -0.583    -0.744    -0.418
1897    -0.474    -0.393    -0.390    -0.506    -0.652    -0.670    -0.405    -0.326    -0.626    -0.877    -1.113    -0.968
1898    -0.966    -0.904    -1.053    -0.892    -0.970    -1.018    -0.984    -1.061    -1.070    -1.081    -1.171    -1.132
1899    -1.251    -1.152    -1.077    -0.984    -0.899    -1.104    -1.064    -1.020    -1.392    -0.862    -0.955    -0.967
1900    -0.752    -0.430    -0.648    -0.470    -0.535    -0.540    -0.625    -0.769    -0.737    -0.846    -0.701    -0.722
1901    -0.611    -1.002    -0.968    -0.806    -0.880    -1.068    -1.236    -1.164    -1.412    -1.141    -1.177    -1.069
1902    -0.884    -0.773    -0.800    -0.642    -0.773    -0.693    -0.790    -0.594    -0.735    -0.750    -0.865    -0.796
1903    -0.843    -0.813    -0.789    -0.938    -0.853    -0.748    -0.946    -0.806    -0.994    -1.332    -1.294    -1.137
1904    -1.236    -0.910    -1.012    -1.002    -1.048    -0.973    -0.865    -0.982    -1.091    -0.865    -0.969    -1.051
1905    -1.021    -0.723    -0.740    -1.074    -0.894    -0.714    -0.767    -0.850    -0.620    -0.881    -0.778    -0.705
1906    -0.756    -0.460    -0.712    -0.919    -0.768    -0.740    -1.129    -1.090    -1.374    -1.139    -1.234    -1.109
1907    -0.777    -0.711    -0.752    -0.745    -0.984    -1.108    -1.145    -1.411    -0.941    -0.927    -0.913    -0.779
1908    -0.795    -0.747    -0.976    -1.092    -0.826    -0.623    -1.013    -0.782    -0.917    -0.863    -0.960    -1.167
1909    -1.092    -0.974    -0.938    -0.827    -1.136    -1.273    -1.235    -1.228    -1.077    -1.071    -0.941    -0.807
1910    -0.892    -0.929    -1.031    -1.230    -1.153    -1.029    -1.172    -1.227    -1.256    -1.290    -1.286    -1.054
1911    -0.723    -1.025    -0.820    -1.119    -0.904    -1.254    -1.187    -0.951    -1.019    -1.076    -0.855    -0.778
1912    -0.736    -0.678    -0.733    -0.582    -0.723    -0.585    -0.912    -0.871    -0.837    -0.889    -1.075    -1.053
1913    -0.887    -0.495    -0.922    -1.003    -0.903    -0.819    -1.071    -1.193    -0.969    -0.871    -0.763    -0.707
1914    -0.701    -0.453    -0.663    -0.679    -0.662    -0.154    -0.263    -0.474    -0.693    -0.538    -0.673    -0.890
1915    -0.906    -0.842    -0.658    -0.435    -0.618    -0.304    -0.655    -0.694    -0.469    -0.642    -0.612    -0.614
1916    -0.873    -0.759    -0.671    -0.523    -0.769    -0.778    -0.951    -0.938    -1.090    -1.176    -1.383    -1.044
1917    -0.988    -0.900    -1.132    -0.968    -1.136    -0.926    -0.825    -0.639    -0.762    -1.184    -1.326    -1.383
1918    -1.149    -1.161    -1.020    -1.140    -1.124    -0.948    -0.751    -0.826    -0.608    -0.416    -0.285    -0.529
1919    -0.333    -0.369    -0.578    -0.636    -0.542    -0.552    -0.584    -0.666    -0.534    -0.832    -1.110    -1.014
1920    -0.609    -0.607    -0.512    -0.615    -0.490    -0.826    -1.197    -0.861    -0.878    -1.001    -1.006    -1.004
1921    -0.959    -0.859    -0.877    -0.727    -0.905    -0.938    -0.911    -1.196    -1.014    -0.773    -0.976    -0.714
1922    -0.855    -0.651    -0.689    -1.002    -0.987    -0.686    -0.953    -0.806    -1.021    -0.863    -0.888    -1.050
1923    -1.004    -1.000    -0.832    -0.733    -0.752    -0.750    -0.930    -0.839    -0.768    -0.555    -0.379    -0.689
1924    -0.687    -0.599    -0.538    -0.552    -0.834    -0.768    -0.748    -0.866    -0.829    -0.795    -1.092    -0.990
1925    -1.123    -1.005    -0.842    -0.631    -0.817    -0.806    -0.690    -0.748    -0.488    -0.593    -0.453    -0.619
1926    -0.476    -0.630    -0.378    -0.559    -0.511    -0.470    -0.394    -0.538    -0.681    -0.526    -0.863    -0.831
1927    -0.888    -0.332    -0.778    -0.882    -0.936    -0.823    -0.800    -0.952    -0.892    -0.870    -0.824    -0.837
1928    -0.607    -0.507    -0.644    -0.888    -0.783    -0.799    -0.933    -0.912    -0.801    -0.948    -0.587    -0.729
1929    -0.787    -0.871    -0.802    -0.638    -1.004    -0.950    -1.021    -0.993    -0.757    -0.774    -0.736    -0.433
1930    -0.698    -0.719    -0.545    -0.419    -0.862    -0.844    -0.870    -0.778    -0.896    -0.660    -0.355    -0.507
1931    -0.252    -0.097    -0.348    -0.394    -0.297    -0.335    -0.329    -0.614    -0.880    -0.765    -0.496    -0.995
1932    -0.829    -0.958    -0.732    -0.717    -0.710    -0.781    -0.688    -0.703    -0.819    -0.909    -0.856    -0.757
1933    -0.500    -0.503    -0.602    -0.569    -0.666    -0.746    -0.680    -0.794    -1.183    -1.081    -1.020    -0.946
1934    -1.233    -1.194    -1.210    -0.940    -1.094    -0.722    -0.787    -0.608    -0.724    -0.832    -0.664    -0.480
1935    -0.575    -0.360    -0.650    -0.560    -0.646    -0.638    -0.775    -0.757    -0.775    -0.836    -0.622    -0.571
1936    -0.451    -0.474    -0.508    -0.565    -0.737    -0.580    -0.560    -0.504    -0.369    -0.742    -0.531    -0.433
1937    -0.511    -0.201    -0.392    -0.551    -0.486    -0.537    -0.651    -0.543    -0.361    -0.526    -0.381    -0.670
1938    -0.444    -0.430    -0.345    -0.627    -0.445    -0.524    -0.665    -0.546    -0.637    -0.730    -0.867    -0.797
1939    -0.831    -0.510    -0.726    -0.772    -0.886    -0.692    -0.675    -0.805    -0.758    -0.790    -0.506    -0.524
1940    -0.484    -0.572    -0.572    -0.719    -0.748    -0.510    -0.474    -0.727    -0.559    -0.474    -0.372    -0.369
1941    -0.267    -0.276    -0.163    -0.138    -0.347    -0.335    -0.184    -0.201    -0.382    -0.283     0.024    -0.061
1942    -0.318    -0.427    -0.186    -0.471    -0.607    -0.799    -0.864    -0.757    -0.776    -0.893    -0.892    -0.969
1943    -1.013    -0.762    -0.861    -0.844    -0.604    -0.623    -0.589    -0.546    -0.609    -0.656    -0.510    -0.626
1944    -0.512    -0.448    -0.502    -0.645    -0.417    -0.462    -0.332    -0.384    -0.225    -0.687    -0.561    -0.096
1945    -0.114     0.052    -0.495    -0.851    -0.979    -0.794    -0.385    -0.521    -0.789    -0.834    -0.762    -0.559
1946    -0.579    -0.471    -0.556    -0.576    -0.487    -0.823    -0.762    -0.733    -0.742    -0.600    -0.760    -0.947
1947    -0.642    -0.620    -0.662    -1.043    -0.689    -0.720    -1.025    -0.891    -1.143    -1.271    -1.052    -1.128
1948    -1.025    -0.739    -0.536    -0.656    -0.769    -0.617    -0.682    -0.758    -1.035    -0.747    -0.966    -0.718
1949    -0.774    -0.637    -0.789    -0.720    -0.869    -0.776    -0.594    -0.747    -0.669    -0.716    -0.814    -0.849
1950    -0.749    -0.915    -0.823    -0.982    -0.878    -0.969    -0.913    -0.964    -1.043    -0.978    -1.048    -0.983
1951    -0.932    -0.842    -0.693    -1.081    -0.873    -0.656    -0.691    -0.551    -0.365    -0.502    -0.426    -0.397
1952    -0.548    -0.384    -0.460    -0.443    -0.585    -0.531    -0.763    -0.818    -0.796    -0.918    -0.747    -0.614
1953    -0.482    -0.510    -0.354    -0.489    -0.365    -0.500    -0.715    -0.828    -0.809    -0.728    -0.486    -0.283
1954    -0.578    -0.484    -0.542    -0.529    -0.708    -0.842    -1.231    -1.110    -1.145    -1.322    -1.019    -0.983
1955    -0.612    -0.878    -0.755    -0.809    -1.025    -1.116    -0.978    -0.787    -0.827    -1.025    -0.898    -0.798
1956    -0.731    -0.779    -0.690    -0.712    -1.038    -1.091    -1.147    -0.974    -0.991    -0.876    -0.901    -0.725
1957    -0.700    -0.693    -0.574    -0.578    -0.356    -0.687    -0.683    -0.557    -0.764    -0.779    -0.532    -0.581
1958    -0.312    -0.258    -0.467    -0.496    -0.623    -0.817    -0.625    -0.652    -0.767    -0.715    -0.660    -0.481
1959    -0.219    -0.260    -0.446    -0.525    -0.645    -0.824    -0.880    -0.957    -0.903    -0.705    -0.629    -0.498
1960    -0.567    -0.508    -0.497    -0.551    -0.569    -0.725    -0.772    -0.849    -0.658    -0.888    -0.915    -0.675
1961    -0.686    -0.601    -0.555    -0.545    -0.766    -0.632    -0.388    -0.396    -0.419    -0.392    -0.506    -0.375
1962    -0.458    -0.510    -0.350    -0.488    -0.726    -0.837    -0.764    -0.557    -0.579    -0.632    -0.569    -0.449
1963    -0.508    -0.512    -0.602    -0.635    -0.796    -0.750    -0.519    -0.522    -0.623    -0.356    -0.267    -0.369
1964    -0.242    -0.321    -0.328    -0.385    -0.841    -0.713    -1.060    -1.132    -1.113    -1.070    -1.041    -0.944
1965    -0.945    -0.779    -0.910    -0.823    -1.039    -1.019    -0.947    -0.773    -0.611    -0.615    -0.639    -0.600
1966    -0.548    -0.176    -0.451    -0.647    -0.809    -0.615    -0.550    -0.608    -0.432    -0.629    -0.639    -0.735
1967    -1.013    -0.948    -0.600    -0.669    -0.558    -0.589    -0.843    -0.755    -0.712    -0.458    -0.485    -0.558
1968    -0.648    -0.492    -0.579    -0.515    -0.553    -0.311    -0.654    -0.553    -0.568    -0.601    -0.589    -0.396
1969    -0.162    -0.121     0.045    -0.060    -0.202    -0.665    -0.558    -0.593    -0.438    -0.265    -0.283    -0.203
1970     0.085    -0.083    -0.071    -0.170    -0.267    -0.556    -0.593    -0.594    -0.576    -0.763    -0.665    -0.784
1971    -0.760    -1.036    -0.969    -0.582    -0.705    -0.747    -0.751    -0.751    -0.847    -0.864    -0.609    -0.575
1972    -0.439    -0.577    -0.726    -0.434    -0.305     0.062     0.056     0.014     0.073     0.104     0.186     0.149
1973     0.170    -0.099    -0.102    -0.011    -0.028    -0.276    -0.222    -0.371    -0.359    -0.406    -0.514    -0.683
1974    -0.732    -0.756    -0.687    -0.746    -0.786    -0.518    -0.405    -0.591    -0.646    -0.840    -0.949    -0.653
1975    -0.750    -0.735    -0.979    -0.647    -0.476    -0.403    -0.185    -0.490    -0.628    -1.138    -0.947    -1.002
1976    -0.885    -0.655    -0.759    -0.689    -0.672    -0.397    -0.367    -0.551    -0.651    -0.689    -0.654    -0.569
1977    -0.466    -0.730    -0.555    -0.377    -0.480    -0.242    -0.455    -0.513    -0.504    -0.253    -0.189    -0.148
1978    -0.323    -0.328    -0.376    -0.544    -0.918    -0.820    -0.537    -0.529    -0.627    -0.695    -0.602    -0.585
1979    -0.047    -0.106    -0.201    -0.387    -0.393    -0.235    -0.551    -0.690    -0.516    -0.521    -0.507    -0.387
1980    -0.432    -0.427    -0.597    -0.404    -0.171    -0.623    -0.488    -0.487    -0.422    -0.364    -0.329    -0.373
1981    -0.428    -0.327    -0.126    -0.384    -0.445    -0.606    -0.524    -0.599    -0.618    -0.500    -0.606    -0.370
1982    -0.397    -0.407    -0.362    -0.331    -0.249    -0.341    -0.263    -0.277    -0.125    -0.007    -0.100    -0.036
1983    -0.017     0.091     0.039     0.159     0.177     0.519     0.526     0.292     0.005    -0.265    -0.121    -0.215
1984    -0.518    -0.746    -0.574    -0.452    -0.762    -0.763    -0.604    -0.632    -0.570    -0.671    -0.560    -0.549
1985    -0.538    -0.639    -0.653    -0.393    -0.579    -0.922    -0.539    -0.606    -0.450    -0.560    -0.398    -0.360
1986    -0.476    -0.332    -0.474    -0.464    -0.249    -0.294    -0.394    -0.425    -0.270    -0.227    -0.125    -0.138
1987    -0.092    -0.037     0.034    -0.014     0.331     0.089     0.197     0.298     0.332     0.200     0.142     0.140
1988     0.378     0.308     0.199     0.034    -0.282    -0.219    -0.052    -0.004    -0.116    -0.225    -0.251    -0.116
1989    -0.452    -0.387    -0.569    -0.657    -0.596    -0.680    -0.346    -0.303    -0.146    -0.210    -0.121    -0.159
1990    -0.090     0.201     0.005    -0.169    -0.241    -0.491    -0.131    -0.151    -0.203    -0.191    -0.119     0.114
1991     0.090    -0.052    -0.019     0.175     0.208     0.123     0.004    -0.295    -0.124    -0.191    -0.223    -0.123
1992    -0.156    -0.178    -0.326    -0.306    -0.178    -0.195    -0.009    -0.349    -0.398    -0.469    -0.349    -0.288
1993    -0.177    -0.125    -0.369    -0.314    -0.084    -0.141    -0.204    -0.261    -0.245    -0.379    -0.176    -0.277
1994    -0.110    -0.289    -0.310    -0.195    -0.074    -0.333    -0.241    -0.222    -0.394    -0.022    -0.138    -0.064
1995    -0.121     0.026    -0.186    -0.168    -0.083    -0.049     0.040    -0.075    -0.167    -0.179    -0.154    -0.120
1996    -0.051    -0.042    -0.155    -0.301    -0.412    -0.394    -0.391    -0.493    -0.539    -0.732    -0.551    -0.443
1997    -0.438    -0.476    -0.189    -0.154    -0.224    -0.095    -0.035     0.087     0.183     0.210     0.411     0.458
1998     0.661     0.807     0.634     0.558     0.538     0.533     0.264     0.163     0.032    -0.123    -0.251    -0.251
1999    -0.249    -0.249    -0.066    -0.207    -0.435    -0.278    -0.119    -0.185    -0.120    -0.373    -0.242    -0.288
2000    -0.304    -0.364    -0.248    -0.224    -0.255    -0.467    -0.300    -0.116    -0.098    -0.137    -0.188    -0.304
2001    -0.487    -0.318    -0.099    -0.080     0.027     0.080    -0.113    -0.199    -0.102    -0.275    -0.064     0.112
2002     0.117    -0.131     0.141    -0.054    -0.277    -0.165    -0.104    -0.133     0.293     0.219     0.013     0.147
2003    -0.034     0.243     0.148     0.091    -0.058     0.157     0.090     0.021     0.055    -0.064    -0.110    -0.025
2004     0.124     0.013    -0.102    -0.087    -0.509    -0.490    -0.406    -0.138    -0.084    -0.094    -0.049     0.033
2005    -0.007    -0.047     0.041     0.117     0.079    -0.009    -0.076    -0.095    -0.103    -0.169    -0.253    -0.406
2006    -0.407    -0.256    -0.242    -0.155    -0.111    -0.122    -0.068     0.062     0.006     0.039     0.254     0.251
2007     0.250     0.278     0.069     0.045     0.176     0.211    -0.017     0.122     0.041    -0.141    -0.224    -0.254
2008    -0.052    -0.363    -0.481    -0.497    -0.334    -0.209    -0.166    -0.064     0.144     0.036    -0.116    -0.158
2009    -0.093    -0.042     0.034    -0.054     0.069     0.225     0.184     0.257     0.123     0.293     0.129     0.368
2010     0.384     0.498     0.598     0.594     0.284     0.180     0.248     0.170    -0.128    -0.079    -0.254    -0.254
2011    -0.243    -0.148    -0.123    -0.313    -0.274    -0.084    -0.050     0.121     0.014     0.169     0.185    -0.027
2012    -0.113    -0.229    -0.254    -0.245    -0.083    -0.066     0.125     0.294     0.376     0.226     0.022     0.213
2013     0.054     0.233     0.126    -0.142    -0.287    -0.269    -0.123    -0.119    -0.183    -0.013     0.225    -0.011
2014    -0.077    -0.088    -0.099     0.021     0.163     0.132     0.030    -0.075    -0.005     0.151     0.270     0.175
2015    -0.083    -0.153    -0.016     0.129     0.447     0.430     0.518     0.590     0.595     0.588     0.600     0.767
2016     0.796     0.449     0.844     0.707     0.429     0.105    -0.138     0.154     0.064    -0.007    -0.001     0.117
2017     0.044     0.058     0.030     0.121     0.303     0.197     0.426     0.430     0.176     0.254     0.095    -0.180
2018    -0.388     0.067    -0.022     0.051     0.050    -0.026    -0.144    -0.012     0.329     0.389     0.367     0.321
2019     0.393     0.303     0.253     0.377     0.471     0.507     0.333     0.252     0.257     0.719     0.667     0.479
2020     0.676     0.575     0.387     0.511     0.434     0.514     0.443     0.107     0.004     0.155     0.103     0.035
2021    -0.077     0.061     0.131     0.035     0.035    -0.014     0.092     0.047     0.078    -0.069     0.035     0.124
2022     0.239     0.037     0.038     0.157    -0.057    -0.090    -0.231    -0.075    -0.095    -0.349    -0.135    -0.001
2023    -0.084    -0.057     0.130     0.412     0.423     0.602     0.497     0.750     0.730     0.784     0.836     1.012